apparent magnitude,cumulative count,count
-1,1,1
0,4,3
1,15,11
2,48,33
3,171,123
4,513,342
5,1602,1089
6,4800,3198
7,14000,9200
8,42000,28000
9,121000,79000
10,340000,219000
11,927000,587000
12,2460000,1533000
13,6290000,3830000
14,15500000,9210000
15,36900000,21400000
16,83700000,46800000
17,182000000,98300000
18,374000000,192000000
19,733000000,359000000
